1 []
2 [[]]
3 [[], [], [3], [[], [[8, 9, 6], 6, 9, [10, 9, 6]], [6], 9]]
4 [[], [], [4, 5, [8, [0, 5, 10, 6], 10], 0], [5, 0], [[[3, 1, 6, 6]], 4, 4]]
5 [[], [], [[[4, 9], [], [4, 6, 1, 6], [9, 9, 4, 3, 4], 9], 6, 0, 9, 7]]
6 [[], [], [5, 10, 2]]
7 [[], [], [[5, 0, 2], [1], 2, [8, 9, [6, 6]], [8]]]
8 [[], [], [6, 9], [4, [8, [7], 5, [9, 6, 4, 5], [2]], [6, 0, 7, [4, 9, 1, 8, 9], [5, 4, 6]]], [[[5, 5, 2], 3]]]
9 [[], [[]], [[[]], 6, 0, 9, [[6], [2, 6, 1, 4], 6, [6, 9, 2, 8], 0]], [[3, [5, 6, 5], [1, 10, 4, 4], [9, 7, 3, 6], [0, 6, 2, 5, 3]], [], []]]
10 [[], [[[], []], 10, [9]], [[[4, 9, 10]], [], 10], [2]]
11 [[], [[[], 3, 8, 5], 10, [], [9], [8]], [10, 10, []]]
12 [[], [[[], 7, 1]], [0, [[0, 9, 7], [6, 5, 10]], 2, [], 1], [[[4, 4, 3, 9, 2], [3, 4, 7, 4, 5], 9], [3], 6]]
13 [[], [[[], 9, [], [4, 0], [1, 4, 2, 1, 5]], [[9, 5, 3, 10]], [[5], 4, 2]]]
14 [[], [1, [], [], 4, [9, 9, [8], 4]], [9, [[2, 4, 2, 2], 3, 8, 7, 7]], [[[4, 10, 8], [9, 1], 1]]]
15 [[], [1, [], [[4, 9], [6, 10, 2]]]]
16 [[], [1, 3, 8, [1, [4, 8, 8], 7, 9, 6]], [[[4, 6, 2], [7, 5, 0], [2, 1, 7, 8, 1], [0, 1, 6], 2], 5, [8, 4, [6, 1, 7, 3], 1], 1], [4], []]
17 [[], [[[1, 2, 8], 3], 0], [[0], [[], 5, [7, 6, 6, 1, 9]], 8]]
18 [[], [3]]
19 [[], [3, [4, 5], [2, 1], 9, [8, [], 6, [5], [10, 4]]], [2, [[9]]], [[6, [3, 1, 6, 7], [5, 5, 10], [9]]], [[0, [7, 7]], 7, [[10, 6, 0, 10, 3], []], [9, [4, 4]]]]
20 [[], [[[3], [2, 9, 6], [0, 0, 5, 8], 4]], [[[10, 10, 0, 4], [0, 4, 4], [6, 8, 7, 10, 3], []]]]
21 [[], [4, 4, 10, 3], [8, [10, [4]], 3, []], [2, 6, [[9, 1, 0], [], 1, [4, 8, 6], 7], [0, 0], []], [[5], 8, [[6, 4], 5]]]
22 [[], [[[4, 2, 1, 0], [10, 5]], [[8, 3, 0, 6]], [9, [1, 8, 1]], []], [[[8], [1], [2, 8, 1, 1, 5]], 9, 1], []]
23 [[], [[[5]], 2, 9, []], [[], 10, [], [4, [2, 3, 3, 0, 7], 6, []], 0], [[[], 10, [], [], []], 8, [10], []], [[[], 1, 5, 1, 10], [[2]]]]
24 [[], [[[6]]], [[10, 9, 1], [1, 0], 4, 6], [[3, 0, [5, 1, 0, 3], []], 2, 8, [[4, 8, 8], [3], [2, 6, 10]]], [4]]
25 [[], [6, 2], [[6], [[1, 7, 5], [4, 10, 10], [1, 10, 0], 1]], [], []]
26 [[], [6, 2, [8, 7, 6], [10, 8, 9], 8]]
27 [[], [6, 8], [[10, 5, [0, 5, 1], 7, [5, 0]], 10, [4, [], [10, 9, 1], 8]], [4, 2], [4, 6, 1]]
28 [[], [7, 1, 7], [[10], 2, 7, []]]
29 [[], [7, [9, [1, 6, 8, 5, 7], [7, 5, 9, 8], [7, 7, 2, 0], [10, 2, 8, 4, 2]], 9], [[2, 4, 5], 2]]
30 [[], [[[7, 9, 6, 9], 5, [0]], 5], [], []]
31 [[], [[8]]]
32 [[], [[8], 8, [2], 3, []]]
33 [[], [8, [8, 6, 5], [[5, 1, 8]], 7], []]
34 [[], [9, 0], [[], 0, [[], 9, 7]], [3, 8, [6, [1], 4, [1, 8, 4, 7], [4, 0, 6]], [6, [7, 2, 0], [7, 5, 9, 1], [3, 7, 10], 8], 8]]
35 [[], [10], [6, [], 1]]
36 [[], [10, [4, 7, 9]]]
37 [[[]]]
38 [[[]], [[], 4, []], [5, [[9, 6, 0, 7], 5], 0, []], [], [0, [1], [[], 4, 0, 5], 7]]
39 [[[]], [1], []]
40 [[[]], [6], [[[1], [7, 0], 7, 7, [5, 7, 10, 6, 0]]], [[[4], [10, 9], [10, 3, 5], [], 1]], [[3], 8, [], [], 5]]
41 [[[]], [6, 1, [8, [10, 5, 4, 3], 9], 3, []]]
42 [[[], []], [3, 7, 1, 9, []]]
43 [[[], []], [8, [[6, 4], 9, 3, 2], 10, 5, [0, [3, 10], 5, 7]], [5, [5, 1, [8, 0, 8, 0], 1, []], [2, [], [10]]]]
44 [[[], [[], [7], 5, 1], [[4, 4, 9, 3, 6], 5, [5, 4], [4, 7, 10, 1, 4], 4]]]
45 [[[], 0], [7, 6, 10], [9, [6], 6, [3, 5, [0, 6, 9, 0], 8, 1]], [10, 4]]
46 [[[], 2, [6, [3, 3, 7], [4, 5]], [2, 0, 5], []]]
47 [[[], [2, [3, 5], [2, 7, 1, 9, 6]]], [[[8]], [0, 0, [], [5, 6, 5, 1]], [[4, 8, 1], [6, 3, 6], 4, [0, 7]], 2], [9, 5, [[2, 8, 10], 2, 7], [], 10], [9, 5, 2]]
48 [[[], [[2, 10], 6, [2, 3]], 0, 2, [4, 4, 6, 10, 7]]]
49 [[[], [3, 0, 5], 5, 9, 6], [1, 4, 3, [], 10], [4, [], 6, [[], [10], 0, [5, 3, 3]]], [8, [[3, 10, 7, 1], 5], 3], [[7, [9, 2, 7, 1, 3], [9], 9, 2], 5]]
50 [[[], [3, 7, 0, 7]], [], [9], [[]]]
51 [[[], 4, [5, 0, 2, 9, 4]], [[]], [[4]], [], [[[1], 7, [6, 4, 1, 7], [5, 4, 5, 9]], 10, 7]]
52 [[[], 5], [1]]
53 [[[], 5, [[9], 7], 9]]
54 [[[], [[5, 5, 5, 5, 10]], [10, 1, 3], 0], [9, [[1, 10], [2], [9, 8, 6, 5, 5]], [], 3], [[[2], [7], 3, [8, 6, 2, 2, 7], 0], [], 0]]
55 [[[], [8], [[], 6, [3, 6, 1], 6, [4]], 6], [[7, 4, [9, 3], 3], [], 1, [], 9], [4]]
56 [[[[]]], [[], [], [8, 4, [7, 9, 2]], 0], [[[8, 8]], 2], [4, 4, 10, 4]]
57 [[[[], [0], [2, 6, 1, 0], [10, 10], [9, 10]], [[9], 3], [[7, 4, 5], [2, 4, 2], 10, [8, 5], 2], [[1, 2, 2], [7, 7], 4, [3, 9, 6, 7]]], [], [[], [0], 7, [[4, 1, 0, 5, 0], [5, 2, 7, 9, 5]], []]]
58 [[[[], [3, 2, 6, 0], 2]], [5, 10, [[3, 8], [9, 0, 3, 5, 0], [5, 10, 1, 5, 8], [1, 0], 9]], [2], [[10, 1, [8, 3], 10, []], 7, [4, 1], [[0, 5, 6, 2, 4], [3], [5]], 4], [3, 7, [], 7, 4]]
59 [[[[], 4, [9, 7, 8], 7, [5, 3]], 7, 4, 4, 4], [[[8, 9, 6, 2, 5]], 8, [0, [], [4, 8], []], [], [[]]], [[[7, 5, 1]]], [[8], [], [], 7, 10]]
60 [[[[], 6, [9, 3, 9, 4, 7]], 6, [[5, 9, 10, 4], 0], 6, 3], [[[5, 8], [9]], [], [9, 6, 5, [4, 8], 2], [[7], [5]], [[]]]]
61 [[[[], 7], [5], 9], [3, [1], [7, [], 9, 0, [2, 9, 4]]], [[10, [9, 0, 2], 9]], [[[4, 3, 0], 1]]]
62 [[[[], [8, 7], [3, 1, 7], [9]], [[6, 6, 0], 7]], [[]], [[], 2, [[], [5, 5, 5]]], [10]]
63 [[[[], [9], 4, [3]], 5, 10], [8, 1, 3, [[2, 9]]], [9, [[4, 8, 1], 4, [3, 0], [2, 3, 9], [3]]]]
64 [[[[], [10, 5, 5, 10, 3], 5, [], 7], [1, [4, 7, 0, 2, 4]], [0, [10], 8, 1, [10]], 3, 5], [2, [8, 9, 1, 1, 6], [6, [2, 10, 6], [], 2, [5, 5, 5, 7]], [[4], 0, 6], 8], [1, 4, 6, [[7, 7], [5, 8]]], [2], [[[]], [[1, 3]], 0, [6, [9, 1]]]]
65 [[0, [], 1], [[], [[1], [10, 2, 0], 0], 4, []], [[8, 6], 4, [10, [], 6, 9], 7, [2, 0]], [0, [10, 10, [5], 1, [0, 2, 10, 3, 0]], 1, 1], [3, [2, 10], [10, [0, 4, 5, 3]]]]
66 [[0, 1, [7, [4, 9, 6], 4, [4, 1, 1, 8, 2]]], [1, 5, [2, [8, 2, 10, 8, 6]], 7, 3], [[0, 1, [10, 7, 3, 6]]]]
67 [[0, 3, [[6, 4, 3, 9], [7], 6], 3], [[4], [9, [2, 4, 3, 2], [], 0, 0], [6], []], [8, 10, 10, [[], [0, 2], 1, 6]], [7, [0]]]
68 [[0, [6, [5, 10, 10, 0, 10], [0, 5, 8, 9], 5], 2, [[2], [], 5], [[7], [5, 5, 2], [2, 6, 5, 10], [0, 6, 6, 8, 2]]]]
69 [[0, [7, [5, 9, 5]]]]
70 [[0, 8, 1, [0, 10, [10, 2], [7, 7, 2, 4, 2]], [[]]], [[], 0, [7, [1, 10, 4], [6], 2]], [[[8, 1, 9], [9, 1, 10, 1]], [9, [], 6], 6, 3], [0]]
71 [[0, [[9, 6, 4, 5]], []]]
72 [[0, [[10, 6], 5, [3, 0]], 9, 9, []], [9, [3, [7, 0, 7, 8], 6, [8, 4], []]], [[9], [[1, 0, 10, 2, 1], 0, 0, [5, 3, 2, 3]], 5], [3], [[]]]
73 [[[0, [2, 2, 9, 10], 6, [2, 1, 8, 7, 3]], 3, 7], [[7, [2, 4, 0, 3], 1], 3, 7, 0], [], [[4, [5, 9, 1, 5, 9], 6, 5, []]]]
74 [[[[0, 0, 8, 6, 3], []], 1], [[[1, 5]], [[4, 10, 2, 1], 2, 2, [1, 8, 0]], 10, 6], [3, 7, 5, [[], 0]], [[[1], 9], [[3, 3, 7, 8]]], []]
75 [[[[0, 4, 3, 1, 9], [8, 3, 8], 4]], [5], [9, 7, 3, 7], [[4, [3, 9, 1]], 8, [[6, 0], [3, 0, 0]], 3], [1, [8, [4, 9], 3], 4]]
76 [[[[0, 6, 3, 5, 4], 5]], [], [[[1, 5], 1, [], 3, 8], 9, [[6, 4, 1], [9, 2, 8], []], [1, [3, 3, 6, 9], [4, 2, 1, 5], 5, 10], [8, 5]], []]
77 [[[[0, 7, 0], 3, 5, [4, 4, 6, 5, 1]], 2, [[9, 6, 0], 9, 0, [4, 4, 8, 4]], [[0, 2, 7, 10, 1], 9, 2, []], 3]]
78 [[[[0, 10], [0], 8, 2, [5, 7, 5, 5]], [8, [8, 3], 2, [8, 10, 4, 7]], [[8]], []]]
79 [[1], [[[3, 2, 6, 1], 7, [0, 4, 9, 3, 1], [6, 0, 0, 4, 8]], [[5], [7, 3, 1, 7, 3], 8, [9, 8, 2, 6, 8]]], [0, [3, [3, 10, 4, 10], 8]], []]
80 [[1], [8, [2, [], 7]], [10, [10, []], 1, 10], [[[8, 0], []], 1, [[]]], [2, [[1], 6, 3, 4], 6, [], 10]]
81 [1, 10, 9, 8]
82 [1, 10, 9, 8, 7]
83 [[1, [], 4, [6]], []]
84 [[1, [[1, 0, 2, 0, 9], [9, 0, 4, 10], 2, [6, 3, 5, 2, 9], []], 5, [7, [10, 9, 9, 4, 9]]]]
85 [[1, 2], [6, 7, 6, 0], []]
86 [[1, 2], [10]]
87 [[1, [[2, 8], [7, 0, 8, 10, 6], 6], [7, 5], 6, [[7, 3, 10, 7], 3, [1, 0, 10]]], [[[5, 9], 10]], [2, [[0, 2, 6, 9, 0], 9, 8], [10]], []]
88 [[1, 4, 1, [], []], []]
89 [[1, [[5, 8], [], 5, []]], [1], [2], [[], [[8, 1, 0, 6], [6, 9, 6], 4], [], [[9, 6, 0], 5]], [[9, [4, 8, 1, 1, 4], [6, 5, 10, 8], [0, 5, 1, 4]], 8, [[], [10], 2, 7], [[9, 5, 0], 3], 2]]
90 [[1, [6, [8, 2, 4, 5]], 0, 10], [5, 6, [5, [9, 9, 3]]], [[[10, 4], 0, 6, []], [0, []], [[9], 9], []], [[[], [1], [10, 6, 9, 7]], 8, [[0, 0, 3, 10, 9]], 7], [7, 5, 4]]
91 [[1, [[9]]]]
92 [[1, 10, 9], [[1, [0, 4, 3], 5, [2, 10, 4, 9, 8]], [[], 4], 6]]
93 [[[1, []], [], 2, [[]]], [[6], [], [[7], [], 4], [[0, 7, 2, 5, 9], 8]], [[], 5]]
94 [[[1, [], 2, 8], 9, [3, 8, [9, 8, 4], 9, 4], [4, 4, 0, [9, 6]], [2]], [[5, [9, 4, 10, 3], [], 10, []], 2], [10, 8], [[6]]]
95 [[[[1], 0]], [[4, 8], 6, [[3, 3, 9, 7, 1], [7, 10, 7, 10]]], [[[], 8, [10, 10, 5, 7]], [[0, 3]], [], 4], [5, [], [[], 2, 0, 8], [], [[7, 5, 5, 5]]]]
96 [[[1, [6, 9, 10, 3], 1, [1], 5], [[1, 7, 1, 9, 1], 3, 5, [3]], [[]], 0], [], [5, [], [[1, 8, 6], 2, 0, [10]]], [[], 5, [[5], 6, 2], [], 8]]
97 [[[1, 7, 9, [10]], 8, [2, [6, 7, 1, 1], [3, 2, 5]], 1]]
98 [[[[1, 1, 6, 8], [2, 3, 9, 5, 9], 1, [1, 8, 1, 1], 8], 10], [1, 2, 6, [10, [10, 9, 0, 0]], 10]]
99 [[[[1, 2, 9, 8], 8, [6], 2], 3]]
100 [[[[1, 5, 7], 1, 1, [6]], 8], [], [[5], [[4, 7, 10]]]]
101 [[[[1, 5, 10, 2]]], [4], [[[1, 7, 6], 9, [7, 8], [1, 4, 3, 4, 4], 1], [], [2, 2, [9, 3]], []]]
102 [[[[1, 6, 5]], [9, [], [8, 1, 6, 7], 10], [], [7, [10, 6, 5, 6]]], [9], [[[]], 9, 1, 5, [6, 3, [7, 0, 3], [0, 3, 4, 7, 8], [5, 1]]], [[7], 2, 3, []]]
103 [[2]]
104 [[2], [], [[2, [2, 6, 7], [3, 8]]]]
105 [[2], [[], [[7, 2, 4, 3, 7]]], [[[2, 7, 6], 8, 6, 1, 3], 6, 2]]
106 [[2], [1, [[1, 1], [9, 9, 2, 8, 9], 7], 10, 4], [[2]]]
107 [[2, []], [], [10, 1, 5, [6, 6, [], 2]], [[], 4, 5, 2], []]
108 [[2, []], [7, 10], [], [0, 9], [[]]]
109 [[2, 0], [4, [[9, 1, 7], 4, 10, [], 10], [[10]]]]
110 [[[2], 0, 7, 1, [7, [2, 4, 9, 2], 4]], [[4, 8, [0]], [7, [8, 6, 2, 5], [3, 6], 0, 5], [[5], [7, 0], [1]]], [0, 10, 10, [[3], 4]], [7, 10]]
111 [[[2], [0, [5, 6, 9, 0, 3], [0]], [[2, 0], [10], 4, 3, 9], [[], 9, [6, 7], 5, []], 1]]
112 [[2, [1, [6, 0], 9, 8]]]
113 [[2, 2], [5, [7, [0, 1, 6, 10]], [], 8, 4]]
114 [[2, 3, [4, [6, 4, 8, 1], 0, [8, 0]], [[1, 4]], 5], [[3, [3, 2]], 0], [[[5, 3], [3, 3, 4], 0], 3, [[], [8, 10, 0], 2, 5, [6, 5, 0]]]]
115 [[2, 3, 5, [], 6], [], [[], [2, [4, 10, 10, 4], 3], 6, [8, 1], 3], [3, 4, [5, [7], [5, 10, 6], 10, 4], [[6], 4, 1]]]
116 [[2, [[4, 0, 3], 5, 3]], [[10, 5, 6, [2, 3, 5, 2]]], [1, 9], [[8, [1, 10], [5, 7], [3, 5, 4, 7]], 5], []]
117 [[2, [[4, 10, 5, 5, 5], 8, 2, 7], [[9], [2, 4, 4]], 9]]
118 [[2, 5], [[], [2, 0, 9, [], [5, 5]], [[], 9, 10, [5]], [7, 3, 2, [1, 9, 0]]], [[5, 0, [0, 10, 1], [3, 9, 4, 1, 1], 7], 6], [0, [[5, 2], [6], 3, [6, 9, 2], [1, 9, 0]], [[10, 9, 3, 2, 9], 2, []]], [9, [10, [7, 5, 4, 6, 6], [8, 6], [], [9, 0]]]]
119 [[2, 7, 5], [7, [6, 6, [6, 10, 0]], 9, [[8, 9, 4, 9], 6]]]
120 [[2, [[7, 9, 0, 5], [4, 7], 2, []]], [[[6, 3, 1]]]]
121 [[[2, [0, 3, 6], [3, 4], 10, [7]], [[7, 4, 8, 8], 9, [9, 2], 5, 7]], [7, 10, [[10], 0, [5, 8], [8, 2, 10, 3], 1], 5, 3]]
122 [[[2, 4, []], [4]], [10, 1], [3, [[8, 7]], []], [6, 2]]
123 [[[2, 5, 2, [5, 5]], 9, [[10], 10], 7], [7, 0], [3, [6, 4, [0], 3], 4], [[4, 3, 10, [9, 8, 3, 6, 3]], 6, [3, [], [], 8, [0]]]]
124 [[[2, 9, 5, [2, 4, 0, 6]], [2], []], [6, [1, 9, 0, [1, 10, 7]], 2, 7], [[2, 10, [8, 1]]], [], [[5, [10, 10, 9]], [], [1], 3]]
125 [[[[2, 5, 7], 0, [7], [1, 2, 1]], [], 3, [[], [10, 0, 8, 0, 4], 1], 9], [], [[0, 9, []]], []]
126 [[3]]
127 [[[3]], [], [1, 2, [[], 7], [[3, 10, 8, 4], [9, 9, 6, 7], 0]]]
128 [[3], [8, 6, [4]]]
129 [[3, [], [[6, 5, 7, 2], [4, 2, 10], [3, 8, 2, 6], [6, 7]], 5, [5]], [[], [], 0], [2], [], [10, 8, 10]]
130 [[3, 1, [[7, 6, 2], 0, 7, [0, 10, 8, 3, 9], 8], 2], [[], 4, 0, [6, [5, 3]]]]
131 [[3, 2], [[[9, 0, 3], [3, 8, 10], [10, 0, 6, 0], 2], [], [1], 6, [[9, 0, 8, 8, 6], 8]], [3, 1, [9, 6], []], [7, 9], [3, [[7, 8], 3], 10, [[5, 7, 5, 3], 5, [8, 8, 1, 0]]]]
132 [[3, 8, [[], [], 10, [4]], 3, 5], [0], [3, [0, [8], [2, 7, 6, 4], [7, 6, 7], [0, 7, 10, 1]], [4, 8, [4, 0, 9, 7]], 7, [8, [1, 2, 7, 7, 4]]], [[[2, 1, 9, 0], [], 10, [9, 5, 1]], [[], [0], [10]]], [1, 9]]
133 [[[3], 10], [0, [8, 4], [[3]], 3, 2], [6, [[1, 2, 3], [10, 2, 8, 10], 0], [7, [4, 4, 9], [0, 1, 6, 3, 0], [7], [7, 10, 6, 4]], [9, [9, 10, 9, 10, 3], []], [[9, 3], 6]]]
134 [[[3, []], 5, 7, 2]]
135 [[[3, 1, []], [[0, 10, 2], [0], [9]]]]
136 [[[3, [1, 2, 7, 2, 9], [9, 3, 6, 0, 5], 10], 6, 10], [], [[10, 1, 10, 8], 2, 0, 10], [3, 8], [[0, [5, 8, 1, 8], [4, 9, 4, 3, 2], 3], [], 2, [[4, 1, 4], [10, 9, 6, 2, 10], [6], 6]]]
137 [[[3, [1, 3, 1, 6], [9, 5, 4, 9, 9], []]], [3]]
138 [[[3, [3, 2, 4, 1, 2], [7, 5, 6, 9, 1], []], [9, 3, [6, 9]]]]
139 [[[3, [3, 6], [5, 0, 8]], [2, 3, [9], 1], [[7, 7, 4], [10, 0], []], 3, []], [[[], 6, [5], [5]]], [10, [], [10, 1, 5, [1, 8, 4, 5]]], []]
140 [[[3, 4], 2], [[10, [1, 10, 3, 9], 6], 6], [[[2, 10, 7, 3], 1, 10, [1, 3, 10, 5, 7], 7]], [8, [[7, 5, 4], [5, 2, 7, 0, 7], 10, []], 6, 0]]
141 [[[3, [6], [0, 4, 10], [5, 8, 9, 3], [6]], 7, [[0, 6], 1, 0, 7, [1, 3]]], [0, 9, [8, 5], [], 4], [0], [4, 3, [], 7]]
142 [[[[3], [6], [9]], [4]], [[10, 5, 0, 6], 4], [], [[], [3, [5, 9, 6, 8], [10, 10, 5], [2]]]]
143 [[[3, 9, 2], [0, [6, 0, 8, 0, 8]], [[], [4, 1], [10, 9, 8], [1, 0, 2, 3]], 1, [[3, 7, 8, 3]]], [[7, [10, 2], [1, 4, 4, 5, 1], [8, 8], 3], [6, 9, [10, 8], 5]], [[10, [], [1, 7], [6, 3]]], [[[2]], 0, 3]]
144 [[[3, [9, 2], 0, 4, 7], [9, [10, 3], [8], [3]], 5], [9, 8, 9, 3, []]]
145 [[[[3, 0, 6, 6], 7, [], 1, [9, 9, 9]], 2, [[2, 1, 3]], 1], [6, [[0, 4, 0], [3, 2, 2, 0, 3], 0, 9, 7], 1]]
146 [[[[3, 4, 0, 9], 9], 0, [[3], 0, [1, 2], [7, 4, 2, 9, 8], [4]]], [0, []], [[0, 4, 3, 4], [[1]], [3, [3, 9, 7, 9, 7], [7, 7, 3], 2, [8, 9, 8]], [9, 6, [5]], 1], [], [[], 1, 7, 1]]
147 [[[[3, 5, 9, 3, 1], [9, 3]], [3, [2, 2]], 4, [2, [], 7], 5], [[], 2]]
148 [[[[3, 9, 7, 3], [6], 10, [1], 8], 7, 3, [[5, 9, 2, 9, 3], [2, 2], 9, 0]], [[3, 10], [8, 0], 4]]
149 [[4]]
150 [[4], [[]], [6, 10]]
151 [[4], [[], [[], [9, 8, 4, 1, 1], 5, [5, 6]]]]
152 [[4], [[2], 0, [[]], [6], 9], [[[], 2, [], [6, 3, 5, 6, 3], 3]]]
153 [[[4]], [[2, [0, 1, 5, 0], [2], 6]]]
154 [[4], [[3], [], [[2, 9, 10, 6], [5, 2, 8], [], [5, 8, 5], 5]], [7, []], [0, 7, 0, [5, [1, 6, 7, 6], 9, [4, 9, 10, 10], [1]]]]
155 [4, 7, 0, 6]
156 [4, 7, 0, 6, 4]
157 [[4, [], 2], [7, [], 0, 9, 6]]
158 [[4, [[]], [0, [2]], 8], [[9, [5, 4, 1, 4, 10], 3, [8, 4, 3], 6]], [[], 10], [], [5, 4, [3], 7]]
159 [[4, [[], [3, 2], [6], 10], [8, [10, 4, 9], 5, [10], [7]], 4, [4, [], 9]], [[5, [5, 3, 8, 0, 9], [1, 5, 1, 2, 8], [1, 0]]], [], [5, 4, [[5, 4, 5], [1, 9, 10, 10]], []]]
160 [[4, 0, 9], [], [[], [10, [4, 3, 8, 2, 8], 0, [1, 7, 8], [2, 0, 3, 7, 0]]], [[], [5, 4, [6, 10, 8, 5], [8, 2], 1], 9]]
161 [[4, [0, [10, 8, 0]]], [2, [7], []], [3, 4, 1, [3, []], []], [[], 9, [], 0, 9]]
162 [[4, 3, []], [2, [1, 6]], [[8, 2, 2], [9, 5, []], 5, [[], 2], 5], [[[6, 9, 10, 2, 1], [8]], [9, 3, 4, 3, [10, 8, 5]], [[1, 6, 10], 6, []], 6]]
163 [[4, 5, 1, [[0, 0], [6, 10], 4, 5], 10], [[2, 4, 6, 1, [6, 8]], [[2, 0, 10]], [[5, 10], [6, 4, 5, 6], [8, 9, 2]]], [[[], 10, 0, 7, 7], [[9, 9, 7, 3, 8]]], [[[7], 3, 8], [6, 3], 1, 5]]
164 [[4, 6]]
165 [[4, [[6, 0, 6, 5], 0], 6], [[[1, 1], [9, 7]], 2, 9, []], [[0, []], 5, []], [0, [2, 0], 2, 9, 9]]
166 [[[4], 7, [[9, 1, 9, 5, 4], [], [4, 7, 2, 4, 2], []], 8]]
167 [[[4, [1, 7, 6], 6, 6], [[3, 10, 1], [8, 10, 6, 0], 0, [6, 10, 2], 8], 7], [[7, 6, [8, 9], [0, 7, 3, 1, 2]], 7, [2]]]
168 [[[4, [3, 3, 7]], 1], [3]]
169 [[[4, 10], []], [[8, [8]], [[0, 5, 6], [10, 8, 4], [0, 6, 6], [4, 2, 5, 8]], 0]]
170 [[5]]
171 [[[5]], [[[1]], 3, 7, 1], [3]]
172 [[[5]], [[4], []]]
173 [[5, 0, [5, 0, [1]], [[3, 9], [0, 10, 7, 7, 3]], []]]
174 [[5, [0, 10, [6], [], 8], 3], [3, 4, [[3, 3], 10, 8], [7, [2, 7, 10, 9, 6], 3, [], 2]], [9, 1]]
175 [[5, [[1, 5, 2, 1], 3, [10, 2], [5, 6], 2], [[9, 5], [9, 9, 4, 4], 5], [[0, 2, 4, 1]]], [[[8, 9, 4, 5], [0, 2, 9, 2], 5, [10, 2, 5], []], 0, [1, 8], 0]]
176 [[5, [2, [], 2]], [[[6, 9, 6], [4, 7], 10], [7, 0, 5, 6], [[10, 4, 8, 10], [], [9], 6], 0, 8], [3, [6, [1, 0, 5, 5, 10]]], []]
177 [[5, [2, [6, 6, 8, 6], [1, 2, 7], [10, 9], [3, 9, 4]], [[1, 10], [4, 6, 3], 9], [9, 1, 1, 6], [[1, 5, 4, 7, 9], 1, []]], [[6, 8, 9], 9, [[4, 8, 8, 3, 8], 3]], [2, [3, 9, [1, 9]], 5, 6]]
178 [[5, 4, 2, 8], [2, [1, 3, [1]], [6, [], 9, 2, 7], [7, 3, 10, [6, 10, 8, 1, 4], 10]], [[], 0, [[7, 7], [1, 5, 7, 6, 2], [10, 4, 2, 0, 4], 5, [10, 0, 9, 1]]], [[[5, 9, 5], 1, [3, 7], 2], 3, [[7, 5, 3, 7, 0], [10, 3], [9, 6, 5, 9], [], 4]], [8]]
179 [[5, 9, 2, [2, [5, 2, 5, 6], 3, 0], []], [[[9, 3, 3, 9, 2], [6, 7, 2, 6, 1], [4, 5, 8], 4], [[5, 0, 8, 2]], 9, 6], [[[3, 9, 7, 3, 8], [9]], [[9, 4], 2]]]
180 [[5, [[9, 0, 8], 5], 10, 10], [1, 6], [3, 1, [[], [5, 8, 7]], [2, 3]], [5, [[], [], 3, [8], 6], 5, [6, 3, 7, [10, 9, 1, 8]]], [1, [[], [7]], 5, 7]]
181 [[5, 10, [], 0]]
182 [[5, [[10, 2, 6, 0], [2]], [], [], [[0, 9]]], [5, 8, [5, [8, 3, 5, 6, 0], 6], [0], 1], [[5], 0, [[3], [], 0]], [4, 10, 1, [2, []]], [[[0, 10, 8, 2], 5, [7, 3, 0, 8], [4, 1], [3]], 4, 9]]
183 [[[5, 0, 0, 7, [9]], 8], [1, 1, [], [6, [0, 1, 7, 1], [9, 4]]], [8, [[8, 5, 0, 6], [4, 5], 6, [10]], 1, 1], [], [4, 4, [1, [8, 5]]]]
184 [[[5, [3, 3, 4, 0, 9], 9, [4, 5], 2], 10, [[5, 0]], [9, 0], 9], [8, [[9, 10], [6, 6, 1, 4], [8, 10, 2, 5], [3, 7, 2, 5]], 7]]
185 [[[5, 5, 6], [4, [0, 10]], [[3, 0, 9], [8], 5], [[3, 9, 0, 10]], 4], [], [[8, [6, 7, 1, 8]], [[], [7, 7, 7, 3, 6], 7, 5, [10, 10, 9]]]]
186 [[[[5, 2], [9, 2, 1], [5], 7, []], 7, 7, []], [3, [3, [3, 9, 5, 4], [7, 6, 4, 10, 0], [10, 10, 0, 3, 8], []], 0], [[[7, 1]], [[], 9, 1, [8]]], []]
187 [[6]]
188 [[6], [2, [4, [6, 10, 2, 0], 1, [6, 0, 5, 0, 0], []]], [2], []]
189 [[6], [9], [[10, 2, 0], [], [[1, 1, 4, 1], 1]], [[], 0, [7], 4, 7]]
190 [[6], [10, [[5, 4, 7], 3, 3]]]
191 [[6, 2, [2, 0, 0, 10, 0], [[9, 3, 10], 3, [8, 7, 6, 2, 9]], [8, 1, [6], [9, 3, 4, 4]]], [[10, [1, 10, 7, 10, 9], 3, [4], 6]]]
192 [[6, 4]]
193 [[6, 6, [[10, 3, 4], [10], [7, 3, 1, 0, 3], 6], [[7, 6], [8, 8, 3], 5, [5, 7, 2, 2], 8]], []]
194 [[6, [[6, 2, 1, 0, 7], [10], 4, [], [3, 9, 6]]], [[[3, 7, 4], 6, [], 3, [6, 6]], 7, 2, [1, 5, [3, 4, 5, 3, 1], 8]]]
195 [[6, 8, 7, [[6, 9, 6]], 6], [4, [[], 7]], [8], [3], [[], 1]]
196 [[6, 9], [[2, 4, [5]], 1, 4], [[[3], 4]], [5], [5, [5, [0], [8, 3]], 0]]
197 [[[6], 9, 4, 10], [[0, 7, [10, 10, 3, 10], [3]], 6], [[], [4], [[], [8, 6, 5, 1], 9, [], [1, 3]]]]
198 [[6, 9, [5, [5, 0], [2, 7, 1, 1], 6, 5], 0], [0, 6, [[2, 8]], [5, [3]]]]
199 [[6, 10, []], [[2, [8, 8, 6], [8, 5, 4], 7], 1], [7, [[0, 10, 7], [10, 6, 3, 7], 3], [[], 3, 3], [], 7]]
200 [[[6, [2], [8]], [[8, 4, 6, 8], 8, [0, 8, 3, 8, 9], 4], [[3, 9, 7, 7, 2], 4], [[2, 6, 7, 2, 9], [0, 10, 7, 4], 0]], [[9, [8, 5, 9, 1, 7], 8, [1, 6, 0, 6, 9]], [[]], 1], [7, 9, [6, [], [10, 2, 8], 2, [6, 8, 6, 1]]], []]
201 [[[6, [4], 7, [9, 7]], 8, [8, 2, 5]], [], [[], 6, [[2, 3], [3, 6, 9, 0]], 4, 9], [1, 4, [[0, 9, 10], [1, 9, 8, 6], 10], 8, 1]]
202 [[[6, [8]], 5, 1]]
203 [[[6, 9], 7, 6, [[10, 10, 5]], 3], [[[6, 3], 2], 5, [6, 4, 9], 0, [[7, 7, 8, 3, 0], 5, [2]]], [1], [[], 2, 0, [[2], [8]]], [1, [[2, 6, 6, 2], 8, [4, 8, 4, 5, 6], 2, [6, 8, 8, 1, 10]]]]
204 [[[6, [9, 5, 0, 7, 9], [3, 6, 7, 7, 3], 6, [5, 8, 5, 8]], 5, 6, 10, [[9, 1, 6, 1], [2, 0, 9, 2, 3], 8, 5, [4]]], [2, [[1], 2, 0, [7, 4, 9, 9, 9]], [5, 2, 0]], [[[], [4, 7, 1, 7, 3], 1, 10]], [[4, [9, 4, 3, 8, 5], 2], 2, 1, 4], [7, 7, 5, 8]]
205 [[[[6, 4, 7, 6, 9], [7, 4, 1], [9, 8, 9, 3, 3]]], [[4, 4], [2], [10, [0, 10, 4, 5, 10]], 5, 2], [], [[[6], []]]]
206 [[7, [[]], [10, 1, 3]], [[[], [0], [9, 10, 9, 5, 6], 2, 3], [], [1], [], [10, 6, [7, 9, 10, 5, 5], 7]], [0, [7]]]
207 [[7, 1, 9, [7, 2, [0, 0, 0, 7]]], [4, 3], [8], [[], 4, 0, []]]
208 [[7, 1, 9, [9, 6, 6, 2, 10]], [[[], [], [4, 6, 2, 4, 0], [3, 10, 5, 10]], [[], [8, 7, 6], [10, 10, 2, 10, 10], [10, 4, 0], 4]], [9, 3, [[8, 8, 7, 3, 9], 0]], [8, 9, [[3]], 7, 1]]
209 [[7, 2], [[[7, 7, 1, 2], [], [10, 8]], 6]]
210 [[7, [2, 5, [6, 4, 3, 0]], [[2, 9, 0, 0], 1, [], [0, 7, 7]], [[9, 4, 2], 8, 10, 9], 0], [4, 3, [5, 3, [8, 9, 2, 9]], 2, 3], [], [3, [10, [4, 10, 8, 6, 7]], [7, [9, 9, 6, 2, 10]], [], 7]]
211 [[7, 6, 3, 6, 10], [[[5, 3, 6, 7, 7]], 2, 1, 2, 6]]
212 [[7, 8, 1], [5, [[7], [8, 10, 8, 3, 1]], [10, [], [10], []], [3, [7, 8, 1, 0, 0], 0, 4]], []]
213 [[7, 9]]
214 [[7, 9, 4, 10, 6], [[1, [4, 7, 8, 5, 6], [9]], [8, 2, 3, 9, 1], 4, 1]]
215 [[[[7], 1], 1, 7, []], [[2, [5], 2, [0, 6]], [10, [6, 7, 8, 1, 9], 0, [5, 0], [4]]]]
216 [[[7, [1, 10, 7, 6, 4], 3], [], [7, [10, 4, 8, 7], 5, 6]], [[0, 4, 4, [5, 7, 10, 3]], [0]], []]
217 [[[7, 4, [7, 2, 1, 2, 2], []], 2, [9, [8, 4], 1], 9, [[10, 7, 4], [7], 6, 9, 6]]]
218 [[[7, 5, 10, 5], 1, [[7], 6, 10, 0], [[8, 8], [3, 6, 10, 9], [10, 4, 7], 0]], [2], [[5], [[1]], 8, 5, [10]]]
219 [[[7, [5, 1], 7, [7, 0, 5, 7, 10]]], [[[10, 0], [2, 1, 8, 1], 0, [9, 2], [3]], 6, 8], []]
220 [[[7, 6], [[3]], [[6, 2, 0, 4, 6]], 1, [[9]]], [[4, 9, 3, [3]], 0]]
221 [[[7, [8]], [4], [2, [], [7, 7], 9], 7], [[], [[6], [2, 6, 1]], 2, 5]]
222 [[[7, 10, 4, [], [1, 2]], 6, 5, 5], [8, [4, [9, 3, 4], [0], 10, 3], 1, [[7, 5, 2], [8, 7, 9]], 4], [[10, 1, 6], 10]]
223 [[[[7, 3, 6, 6, 7]], 5], [[[7], [7], 0, [3, 7]], 0, 9], [], [8, [[8, 6, 0], 0], [[], [3, 8, 6], 5], [7, 0, 2], [10, 7, 2, [7, 3, 0, 3], 1]]]
224 [[[[7, 9], [2, 4, 1, 7, 2], []]], [[10, 7]]]
225 [[8], [2], []]
226 [[8, [], 0]]
227 [[[[8]], 0], [10], [4], [[2, [6, 1, 5, 3], 2, [5, 4, 3, 2], [2, 9]], [9, [1, 8], [10, 1], 1], 9]]
228 [[8, [1], 0, 3], [4, [], 3, [], [[5, 2], [2, 4, 1], 1]], [7, 3, 4], [9, [8, [], 9, [1, 0, 2, 3]], 4]]
229 [[8, 1, [2, 2, [6, 4, 9, 0, 4], 10], 7], [], [[5, 9]], [2, 2, [[0], 9, 7, [1, 1, 10, 1], 2], [10]], [0, 2]]
230 [[8, 1, 4, 6, [1, [9, 8], [10], 7]], [1, 7, []], [[6, 0, [10, 1, 1]], [[0, 1, 5]]]]
231 [[8, 2], [2, 0, [[1, 5, 10, 9], 0, 0, 0, []]], [[6, 10, [8, 1, 2, 9], [8, 2, 0, 10], [1, 7, 4, 8, 1]], [10, 5], 2, 8]]
232 [[8, 5], [[[4, 5], [6, 7, 1], [2, 3, 1, 2, 6], [6, 7]], 9], [7, 5]]
233 [[8, 5, [0, 1, [], [2, 7, 7]]], [3, [], 3, [8, [1, 0, 3, 5]], 4], [[[], 3, []]], [[10, [1, 5]], 9, [[2, 8, 9], [5, 3, 8, 1, 2], 8]]]
234 [[8, 5, 1], [2, 0], []]
235 [[8, 6], [0]]
236 [[8, 6, 10, [1]]]
237 [[8, [8, 2, 5, 3]], [8, [2, [9], 7], 3], [9]]
238 [[[8, [0, 0, 7, 1, 5]]]]
239 [[[8, 1, [5], [7], [7, 5, 10, 10, 1]]], []]
240 [[[8, [2, 7], [0], 9, [9, 8, 7, 0, 0]], [4, [8, 4, 6]]]]
241 [[[8, 4, 3], [[3, 10, 0, 8], [1, 6, 9, 8], 7], 9, [0, []], [3, 3, [0, 6], [3, 7, 0]]], [9, 8, [[], [1, 9], 10], 10], [8, 7, [[2, 9, 1, 1], [4, 3, 10], [6, 6], 3, 7], [4, 9, [4, 7, 6, 3, 0], 6, [3]], 4], [[[9, 1, 5, 9, 5], 7, [8]], [], 0], [[]]]
242 [[[8, 8, [7, 10, 9, 2, 3], 5, 0], [], [2, 10, [3, 6]]], [[[5, 0, 6, 4]], [], 10, 5, [6, 6, []]]]
243 [[[8, 9, 7], 4], [1, [2, 1], 10, [10, 6, 0]], [1, [[8], [8, 6, 8, 5], 5, [10, 2, 10, 9], 3], [[8], 4], [5, 1, 2]]]
244 [[[8, 9, [8, 5, 3, 9], 10, 8], [7, 5, 8, [1, 8, 4, 3, 0]], [[4, 8, 5, 1], [5]], 5], [[[6, 7, 8], 4, 5, [7, 3, 1]], [[]], []], [], [[8, 7, [0, 1, 8, 2], 9, 1], [9, 5], [5], 3]]
245 [[[[8], 10, 10], 3, [[], 0, [4, 5, 3]]], [[6]], [[], 5, 5, [[2], 10, 6, [3], 9], 7]]
246 [[[[8, 3, 7, 0, 5], [2, 0], 10], [9, 9, 3], [[9, 4, 3, 9], 10, 10, 3], [[], 0]], [[6, 2, [5, 5, 0], [5, 2, 7, 4]], [5]], [[1, [0, 5, 1, 10]], 4, [10, [5, 9, 1, 0], [3]], 9, 6]]
247 [[[[8, 5, 4, 8, 8], 2, [8, 3], 3, 7], 1], [10, [], 7, [9, 6, 3, 3, 10]]]
248 [[[[8, 7, 2, 4, 5], [0, 2, 0]], [3, [6, 6], [5, 8], []]], [8, [9, [9, 5, 5, 7], [4], [10, 3, 2, 2]]], [3, 10, 0, [0, [6, 4, 9], [4, 1, 10, 6, 8]]], [2, [4, [8, 4, 1], [6, 5], 3, 4], [[1, 4, 7], 4], 5], [7]]
249 [[[[8, 9], 8, 6], [[7, 2, 1], 5, 5]], [1, [[3], [10, 6, 5, 2], 4, [8], [2, 9, 10]], 0, 1, 1], [8, [7, [8, 4, 6], 8, 7, [4]], 1, []], [0, 8, 6, 9, 4]]
250 [[9]]
251 [[9], [], [9, [[9, 1], 10], [[], 7]]]
252 [[9], [[], 5], [], [[5, 7, []], 6, []], [[0, 5, 3, [3, 5, 9, 0]], [6, 9, 9, 1, []]]]
253 [[9], [[[], [9, 9, 10, 10], 1, [7, 8], [8, 7, 1, 3, 10]], [0, 0, 0], [[2, 10, 3, 6], [4, 7, 5, 10], [], []], [[4, 8, 2, 6, 4], [9], 3]]]
254 [[9], [5, [], 5, []]]
255 [[9], [[[5, 9, 5, 10, 8]], 0, 1, [[3, 7, 1, 1]], 4], [2, [[7, 9, 5, 10], [4, 2], [3]], [[]]]]
256 [[9, 1], [7, 8, 9], [], [0]]
257 [[9, 1, [1, [1], 6]], [[[]]], [1, 7, 6, 0], [[[], [10, 8, 1, 5, 8], 0, 6, 9], [7, 3, 2, 2, []], [], [[], [3, 8]]], [[[9, 0], 5], [[7], [7, 0], 4, []]]]
258 [[9, 2, 6, [[7, 5, 6], 5, [5, 8, 5, 10], 4, [1, 3]], []], [], [4, 8]]
259 [[9, [[2, 8, 3], [8, 0, 4, 9, 5], [2, 3, 8, 2, 2], [2, 3], [5]], [[], [], [0, 3, 1, 3, 3], [2, 10, 4, 0], 2], 9, 2], [[2], [[0, 5, 0, 3, 9], 1, [8, 4, 5, 6, 4]], 4, [7, 5]], [], [[3, 3, [6], [4, 6, 4, 1, 4]]], [[[7, 8, 7, 4, 6]], 8]]
260 [[9, [[2, 10, 4, 4], 3, 8, [10], [5, 3, 0, 10, 8]], [[1, 0, 3, 9], 1, 2, 0, 1], 7]]
261 [[9, 4], [0, [], [[9, 2, 3, 9], [1], 7], 5], [], [7, 1, 3], [[[3, 4, 7, 8, 0], 7, 7], 4, [7, [], 9, [2, 1, 0, 8], [2, 6]], 8]]
262 [[9, 5, 7], [[[], 3, 2, 9, [3]], [], 6]]
263 [[9, 6], [[], 5, [[3, 10, 8, 3, 6]], 5], [1, 10, 7]]
264 [[9, 6, 1, []], [3, 8, 9], [], [], [[3, [6, 4]], 10, 7, [10]]]
265 [[9, [[8, 2], 4], 4], [], [[]]]
266 [[9, [[9, 10, 2, 8, 1], 2, 10, 7, 5], [5, [1]], [[4, 4, 0, 2, 10], 7, [4], 10, 6]], [], [6], [[[7, 1, 4], [0, 1, 5, 9, 8], 5, 8, 0], [[1, 7], [6, 0, 1, 2, 7], [1, 4, 5], 7, 3]], [9, [], 6]]
267 [[9, [10, 6], [1, 3]], []]
268 [[[9, 0, [4, 5, 5], 10], [[], [3, 2, 6], [2], 10, 3], [6, 2]], [], [[1, 5, [4, 7, 3], []], [9, [], 10, [5, 3, 10, 0, 0]], 2, [4, []], [[7, 10], 10, 3, 6, [3, 4]]], [2, [], 9]]
269 [[[9, [1, 2], 5], [[6, 10, 5, 9], [2, 9, 5], [1, 6], [7, 1, 10]], 5], [[8, [4, 5], 8, [5, 4]], 1, [[7, 7], [4, 5, 3, 0]], [], [[], 9]], [[5, []], [[0, 7, 5, 4, 0], [6, 3, 4, 9, 3], [6, 8, 6], [3, 2], [0, 7, 2, 4, 9]]], [0, [[5, 3, 0, 2, 3], 4, 9, 1]], [[8], [7, 4, 1]]]
270 [[[9, [2, 4, 10, 7], 7], [6, [3, 4, 10, 9, 3], []], [9, [1, 7, 8, 6], [8], 2], 9, []], [[], 9, 4], [[[5, 4, 4, 5], 2, [1, 7, 9], 6]], [2, 3, 6]]
271 [[[9, 8, [1, 10, 5, 3, 6]], 0, 6], [5]]
272 [[[9, 8, 4, [7, 6, 0], 2], 1, [[0, 5, 8, 7], [6, 0, 9, 6, 2], [9, 9], 2]]]
273 [[[9, 9, 0, [9, 5]], 2, 10], [], [0]]
274 [[[9, [9, 3, 8, 2, 10]], []], [[[0, 10, 0], 10, 8]]]
275 [[[9, [9, 4, 0], [2, 10, 5, 2, 8]], [], 2, [], [[5, 10, 10, 5, 1], [9, 4, 8, 9], [2, 8, 1, 7, 3]]], [], [], [3, 0, [[7, 4, 8]], [6, [7, 0, 9, 0, 8], 10], 6]]
276 [[[9, 10, []], [[0]], 10, 9, [[9]]], [[[], [6, 6, 9, 4], 6, [0, 2, 8], 6]], [[6, 0]]]
277 [[[[9, 2, 3, 3, 0], 7, 6], []], [[[10], 1, 2, 0], [[4, 4, 5], 0, [2], [7, 2, 8]], 4, [[7, 8], [0, 9, 2, 4, 4], [5, 10, 10, 0, 4]], [[0, 9], [10, 3, 3], [], [1, 0, 8, 1]]], [4, [0, 0, 8, 6, [1, 1]], 9]]
278 [[[[9, 2, 6], 6, 10, 4], 4, [], [[8, 4, 5], [], [7, 6, 10, 8, 9], 7, [8, 6, 1, 9, 6]]], [1, [2, [5, 3, 2, 0]], [[1, 6, 9], [4, 6, 5, 6], [9, 9, 1], [6, 3, 10]]], [[0, [4]]], []]
279 [[[[9, 7, 9], 5], 8], [9, 2, [6, 3, 10], [[5, 1, 5], [0, 2, 9, 5, 1], 1, 6, 6]], [[4, 4]], [], [3, [[4], [6, 2, 3, 8], [1, 10, 7, 7]], [[1, 8]], [0, 5, [5, 2, 8]]]]
280 [[[[9, 9, 6], 9, 9, []]], [], [7, 8, 0, [], 9], [[2, [2, 5], [], [1, 9, 0, 5], []], [6, [8, 0, 5], [5], 9], [[6], [6, 10, 3, 9], [], 1], 1]]
281 [[[10]], []]
282 [[10], [2, 10, [[5, 5, 0]]], [1, 7, 8, 5, [[], 7]], [2, [[9, 5, 0], [0, 7, 3]], [0, 5], 3, [8, 9]]]
283 [[[10]], [3, 8, [], [8, 2, [9, 10, 2, 0], 0], [1, 6, [1, 3, 7], [6, 8], 8]], [10, [[4, 7, 8], 6, 1], 3, 3]]
284 [[10, [], 8]]
285 [[10, [], 8, [3, 10, 4, [], 4]]]
286 [[10, [], [9, 8, 6, [2, 7, 0, 8]], [], [[4, 6, 2, 1, 4], 6, 5]]]
287 [[10, 0, [1, 7, 0, [5, 8, 3, 4]]], [[3, 3, [10, 10], [4, 2, 10, 9], []], [6, 9, 3], [3], [[10], [0, 4], 6, [4, 2, 9, 6], 10]]]
288 [[10, 1, 6], [0]]
289 [[10, 1, [[6, 0, 10, 6], 3, [5, 8, 10, 2, 9], 10, [3]], [[]], 1], [[], 3, 6, [[2, 0, 9], [1, 6, 10, 5, 8], [5, 6]]], [8, [0, [5, 3, 3, 6], 4, []], 3, [[5], 7, 9, [10, 0, 10]]], [6, [1, [8, 6, 6, 8], [8, 6]], 1, 2], []]
290 [[10, 4, 8, [0, [4]]], [[[8, 8], [9], [9, 7], [8, 3, 2, 9]]], [], [1, 1, 9, []]]
291 [[10, 6, 3, [1, 8, [7, 9, 1, 10, 2], 9]]]
292 [[10, [6, [], 6, [0, 3, 9]], 7, 5, 4], [[8, [6], [], 10], 1, [4, 2, 3, []], 5, [0, 4]], [], [[[5, 0, 0], [], [], [2, 10, 1]], 10, [[5]]], [5, [[2, 1, 9, 0, 2]]]]
293 [[10, 8, 10, []], [6, 0, []], [7, [], [], [[7, 5, 9, 10], 6, [1, 8]]], [[1, 10, [8, 5, 5, 7, 0], 3, 2], 7, 8, 5, 2]]
294 [[10, [[8, 8, 8, 3, 3], 6], [[1, 1, 7, 1], [7, 8, 2], [1, 8, 3], [4, 7, 9, 1]], [[]], [[8, 1]]], [1, [10], 6], []]
295 [[10, [[8, 9]], 0, []]]
296 [[10, 9, [[5, 7], 4, [5, 8, 0, 9, 8], [0, 10], [3, 1]], 4]]
297 [[10, 10, 9, 10, [0, 6, [9, 8, 9, 10, 7], 0, [4]]]]
298 [[[10, 4, 2, [0, 3, 3], 8], 2, 5], [[1, [], [1, 1]], [[6, 1], [1, 6, 6, 0, 8]], [0, [], 5], []], [6, [], [[8, 1, 8, 10, 4], 3, [7, 5, 4, 10]], 9, 9]]
299 [[[[10, 1], 2], 0, [[3, 5, 4, 2], 8, 5], 2, [[6, 1, 2, 0], 9]]]
300 [[[[10, 1, 4], [8, 3], [2, 4, 9, 5, 7], [0, 0], [3]], 2], [5, 7, 9, 9], [4, 0, 7]]
301 [[[[10, 6, 5, 3]], 0, 7, [9, [4, 0, 4], [2, 9, 3]], 9], [8, 0, [[8, 6, 2], 6, 8]]]
302 [[[[10, 9, 8], 7], 10]]